52500,0,3097,1,0,0,0,0,0,0,0,0,0,0,0,0,0,"Defeat Morocc"
52501,0,3091,1,3092,1,0,0,0,0,0,0,0,0,0,0,0,"Aweakens Morocc"
60443,0,1193,400,0,0,0,0,0,0,0,0,0,0,0,0,0,"Alarm Hunting"
60444,82800,0,0,0,0,0,0,0,0,0,0,0,0,0,0,0,"Hunting Timer 1"
60445,0,1106,400,0,0,0,0,0,0,0,0,0,0,0,0,0,"Desert Wolf Hunting"
60446,0,1865,400,0,0,0,0,0,0,0,0,0,0,0,0,0,"Ragged Zombie Hunting"
60447,0,1638,400,0,0,0,0,0,0,0,0,0,0,0,0,0,"Cecil Damon Hunting"
60449,82800,0,0,0,0,0,0,0,0,0,0,0,0,0,0,0,"Hunting Timer 3"
60450,82800,0,0,0,0,0,0,0,0,0,0,0,0,0,0,0,"Hunting Timer 4"
60451,0,1410,400,0,0,0,0,0,0,0,0,0,0,0,0,0,"Enchanted Peach Tree Hunting"
60452,0,1417,400,0,0,0,0,0,0,0,0,0,0,0,0,0,"Zipper Bear Hunting"
60453,0,1370,400,0,0,0,0,0,0,0,0,0,0,0,0,0,"Succubus Hunting"
60454,0,1374,400,0,0,0,0,0,0,0,0,0,0,0,0,0,"Incubus Hunting"
60455,0,2083,400,0,0,0,0,0,0,0,0,0,0,0,0,0,"Uni-horn Scaraba Hunting"
60456,0,2084,400,0,0,0,0,0,0,0,0,0,0,0,0,0,"Horn Scaraba Hunting"
60459,0,1778,400,0,0,0,0,0,0,0,0,0,0,0,0,0,"Gazeti Hunting"
60460,0,1777,400,0,0,0,0,0,0,0,0,0,0,0,0,0,"Ice Titan Hunting"
60461,0,1752,400,0,0,0,0,0,0,0,0,0,0,0,0,0,"Skogul Hunting"
60462,0,1753,400,0,0,0,0,0,0,0,0,0,0,0,0,0,"Frus Hunting"
60463,0,2085,400,0,0,0,0,0,0,0,0,0,0,0,0,0,"Antler Scaraba Hunting"
60464,0,2086,400,0,0,0,0,0,0,0,0,0,0,0,0,0,"Rake Horn Scaraba Hunting"
60465,0,1402,400,0,0,0,0,0,0,0,0,0,0,0,0,0,"Poisonous Toad Hunting"
60466,0,1403,400,0,0,0,0,0,0,0,0,0,0,0,0,0,"Firelock Soldier Hunting"
60467,0,1504,400,0,0,0,0,0,0,0,0,0,0,0,0,0,"Dullahan Hunting"
60468,0,1505,400,0,0,0,0,0,0,0,0,0,0,0,0,0,"Loli Ruri Hunting"
60469,0,1713,400,0,0,0,0,0,0,0,0,0,0,0,0,0,"Acidus (Gold) Hunting"
60470,0,1716,400,0,0,0,0,0,0,0,0,0,0,0,0,0,"Acidus (Blue) Hunting"
60476,0,1614,400,0,0,0,0,0,0,0,0,0,0,0,0,0,"Mineral Hunting"
60477,0,1615,400,0,0,0,0,0,0,0,0,0,0,0,0,0,"Obsidian Hunting"
60478,0,1714,400,0,0,0,0,0,0,0,0,0,0,0,0,0,"Ferus (Red) Hunting"
60479,0,1717,400,0,0,0,0,0,0,0,0,0,0,0,0,0,"Ferus (Green) Hunting"
60480,0,1657,400,0,0,0,0,0,0,0,0,0,0,0,0,0,"Laurell Weinder Hunting"
60481,0,1654,400,0,0,0,0,0,0,0,0,0,0,0,0,0,"Armeyer Dinze Hunting"
60482,0,1652,400,0,0,0,0,0,0,0,0,0,0,0,0,0,"Egnigem Cenia Hunting"
60483,0,1655,400,0,0,0,0,0,0,0,0,0,0,0,0,0,"Errende Ebecee Hunting"
60484,0,1656,400,0,0,0,0,0,0,0,0,0,0,0,0,0,"Kavach Icarus Hunting"
60485,0,1653,400,0,0,0,0,0,0,0,0,0,0,0,0,0,"Wickebine Tres Hunting"
60486,82800,0,0,0,0,0,0,0,0,0,0,0,0,0,0,0,"Hunting Timer 5"
60487,82800,0,0,0,0,0,0,0,0,0,0,0,0,0,0,0,"Hunting Timer 6"
60488,0,1316,400,0,0,0,0,0,0,0,0,0,0,0,0,0,"Solider Hunting"
60489,0,1314,400,0,0,0,0,0,0,0,0,0,0,0,0,0,"Permeter Hunting"
60490,0,1736,400,0,0,0,0,0,0,0,0,0,0,0,0,0,"Aliot Hunting"
60491,0,1737,400,0,0,0,0,0,0,0,0,0,0,0,0,0,"Aliza Hunting"
60492,0,1987,400,0,0,0,0,0,0,0,0,0,0,0,0,0,"Centipede Hunting"
60493,0,2024,400,0,0,0,0,0,0,0,0,0,0,0,0,0,"Bradium Golem Hunting"
60495,82800,0,0,0,0,0,0,0,0,0,0,0,0,0,0,0,"Hunting Timer 2"
60501,0,1163,400,0,0,0,0,0,0,0,0,0,0,0,0,0,"Raydric Hunting"
60502,0,1208,400,0,0,0,0,0,0,0,0,0,0,0,0,0,"Wanderer Hunting"
60503,0,1780,400,0,0,0,0,0,0,0,0,0,0,0,0,0,"Muscipular Hunting"
60504,0,1781,400,0,0,0,0,0,0,0,0,0,0,0,0,0,"Drosera Hunting"
60505,0,2019,400,0,0,0,0,0,0,0,0,0,0,0,0,0,"Ancient Tree Hunting"
60506,0,2021,400,0,0,0,0,0,0,0,0,0,0,0,0,0,"Phylla Hunting"
60507,0,1622,400,0,0,0,0,0,0,0,0,0,0,0,0,0,"Teddy Bear Hunting"
60508,0,1617,400,0,0,0,0,0,0,0,0,0,0,0,0,0,"Waste Stove Hunting"
60509,0,1670,400,0,0,0,0,0,0,0,0,0,0,0,0,0,"Dimik (Green) Hunting"
60510,0,1671,400,0,0,0,0,0,0,0,0,0,0,0,0,0,"Dimik (Blue) Hunting"
60511,0,1672,400,0,0,0,0,0,0,0,0,0,0,0,0,0,"Dimik (Orange) Hunting"
60512,0,1673,400,0,0,0,0,0,0,0,0,0,0,0,0,0,"Dimik (Red) Hunting"
60513,0,1838,400,0,0,0,0,0,0,0,0,0,0,0,0,0,"Knocker Hunting"
60514,0,1837,400,0,0,0,0,0,0,0,0,0,0,0,0,0,"Imp Hunting"
60515,0,1627,400,0,0,0,0,0,0,0,0,0,0,0,0,0,"Anopheles Hunting"
60516,0,1782,400,0,0,0,0,0,0,0,0,0,0,0,0,0,"Roween Hunting"
60517,0,1769,400,0,0,0,0,0,0,0,0,0,0,0,0,0,"Agav Hunting"
60518,0,1770,400,0,0,0,0,0,0,0,0,0,0,0,0,0,"Echio Hunting"
60519,0,1638,400,0,0,0,0,0,0,0,0,0,0,0,0,0,"Cecil Damon Hunting"
60520,0,1635,400,0,0,0,0,0,0,0,0,0,0,0,0,0,"Eremes Guile Hunting"
60521,0,1637,400,0,0,0,0,0,0,0,0,0,0,0,0,0,"Margaretha Sorin Hunting"
60522,0,1634,400,0,0,0,0,0,0,0,0,0,0,0,0,0,"Seyren Windsor Hunting"
60523,0,1639,400,0,0,0,0,0,0,0,0,0,0,0,0,0,"Kathryne Keyron Hunting"
60524,0,1636,400,0,0,0,0,0,0,0,0,0,0,0,0,0,"Howard Alt-Eisen Hunting"
60525,0,1613,400,0,0,0,0,0,0,0,0,0,0,0,0,0,"Metaling Hunting"
60526,0,1619,400,0,0,0,0,0,0,0,0,0,0,0,0,0,"Porcellio Hunting"
60527,0,1676,400,0,0,0,0,0,0,0,0,0,0,0,0,0,"Venatu (Purple) Hunting"
60528,0,1677,400,0,0,0,0,0,0,0,0,0,0,0,0,0,"Venatu (Green) Hunting"
60529,0,1678,400,0,0,0,0,0,0,0,0,0,0,0,0,0,"Venatu (Orange) Hunting"
60530,0,1679,400,0,0,0,0,0,0,0,0,0,0,0,0,0,"Venatu (Blue) Hunting"
60531,0,1867,400,0,0,0,0,0,0,0,0,0,0,0,0,0,"Banshee Hunting"
60532,0,1870,400,0,0,0,0,0,0,0,0,0,0,0,0,0,"Necromancer Hunting"
60535,0,1253,400,0,0,0,0,0,0,0,0,0,0,0,0,0,"Gargoyle Hunting"
60536,0,1194,400,0,0,0,0,0,0,0,0,0,0,0,0,0,"Arclouze Hunting"
60537,0,1215,400,0,0,0,0,0,0,0,0,0,0,0,0,0,"Stem Worm Hunting"
60538,0,1162,400,0,0,0,0,0,0,0,0,0,0,0,0,0,"Rafflesia Hunting"
60539,0,1699,400,0,0,0,0,0,0,0,0,0,0,0,0,0,"Ancient Mimic Hunting"
60540,0,1698,400,0,0,0,0,0,0,0,0,0,0,0,0,0,"Death Word Hunting"
60541,0,1986,400,0,0,0,0,0,0,0,0,0,0,0,0,0,"Tatacho Hunting"
60542,0,2092,400,0,0,0,0,0,0,0,0,0,0,0,0,0,"Dolomedes Hunting"
60543,0,1133,400,0,0,0,0,0,0,0,0,0,0,0,0,0,"Kobold (Axe) Hunting"
60544,0,1134,400,0,0,0,0,0,0,0,0,0,0,0,0,0,"Kobold (Hammer) Hunting"
60545,0,1135,400,0,0,0,0,0,0,0,0,0,0,0,0,0,"Kobold (Mace) Hunting"
60546,0,1833,400,0,0,0,0,0,0,0,0,0,0,0,0,0,"Kasa Hunting"
60547,0,1831,400,0,0,0,0,0,0,0,0,0,0,0,0,0,"Salamander Hunting"
60549,0,1143,400,0,0,0,0,0,0,0,0,0,0,0,0,0,"Marionette Hunting"
60550,0,1109,400,0,0,0,0,0,0,0,0,0,0,0,0,0,"Deviruchi Hunting"
60551,0,1194,400,0,0,0,0,0,0,0,0,0,0,0,0,0,"Arclouze Hunting"
60552,0,1297,400,0,0,0,0,0,0,0,0,0,0,0,0,0,"Ancient Mummy Hunting"
60553,0,1384,400,0,0,0,0,0,0,0,0,0,0,0,0,0,"Deleter (Sky) Hunting"
60554,0,1385,400,0,0,0,0,0,0,0,0,0,0,0,0,0,"Deleter (Ground) Hunting"
60555,0,1773,400,0,0,0,0,0,0,0,0,0,0,0,0,0,"Hodremlin Hunting"
60556,0,1774,400,0,0,0,0,0,0,0,0,0,0,0,0,0,"Seeker Hunting"
60557,0,1196,400,0,0,0,0,0,0,0,0,0,0,0,0,0,"Skel Prisoner Hunting"
60558,0,1257,400,0,0,0,0,0,0,0,0,0,0,0,0,0,"Injustice Hunting"
60559,0,2015,400,0,0,0,0,0,0,0,0,0,0,0,0,0,"Dark Pinguicula Hunting"
60560,0,1993,400,0,0,0,0,0,0,0,0,0,0,0,0,0,"Naga Hunting"
60561,0,1509,400,0,0,0,0,0,0,0,0,0,0,0,0,0,"Lude Hunting"
60562,0,1510,400,0,0,0,0,0,0,0,0,0,0,0,0,0,"Heirozoist Hunting"
60565,0,1836,400,0,0,0,0,0,0,0,0,0,0,0,0,0,"Magmaring Hunting"
60570,0,1680,400,0,0,0,0,0,0,0,0,0,0,0,0,0,"Hill Wind Hunting"
60571,0,1256,400,0,0,0,0,0,0,0,0,0,0,0,0,0,"Pest Hunting"
60572,0,1148,400,0,0,0,0,0,0,0,0,0,0,0,0,0,"Medusa Hunting"
60573,0,1989,400,0,0,0,0,0,0,0,0,0,0,0,0,0,"Hillslion Hunting"
60574,10800,0,0,0,0,0,0,0,0,0,0,0,0,0,0,0,"Reset Stone Hunting Timer"
60575,0,1282,400,0,0,0,0,0,0,0,0,0,0,0,0,0,"Kobold Archer Hunting"
60576,0,1390,400,0,0,0,0,0,0,0,0,0,0,0,0,0,"Violy Hunting"
60579,0,1715,400,0,0,0,0,0,0,0,0,0,0,0,0,0,"Novus (Red) Hunting"
60580,0,1668,400,0,0,0,0,0,0,0,0,0,0,0,0,0,"Archdam Hunting"
60581,0,1988,400,0,0,0,0,0,0,0,0,0,0,0,0,0,"Nepenthes Hunting"
60582,0,2133,400,0,0,0,0,0,0,0,0,0,0,0,0,0,"Angra Mantis Hunting"
60583,0,2132,400,0,0,0,0,0,0,0,0,0,0,0,0,0,"Pom Spider Hunting"
60584,0,1718,400,0,0,0,0,0,0,0,0,0,0,0,0,0,"Novus (Yellow) Hunting"
60585,0,1992,400,0,0,0,0,0,0,0,0,0,0,0,0,0,"Cornus Hunting"
60586,0,2137,400,0,0,0,0,0,0,0,0,0,0,0,0,0,"Miming Hunting"
60587,0,2136,400,0,0,0,0,0,0,0,0,0,0,0,0,0,"Little Fatum Hunting"
60588,0,1318,400,0,0,0,0,0,0,0,0,0,0,0,0,0,"Heater Hunting"
60589,0,1315,400,0,0,0,0,0,0,0,0,0,0,0,0,0,"Assaulter Hunting"
60590,0,1367,400,0,0,0,0,0,0,0,0,0,0,0,0,0,"Blazer Hunting"
60591,0,1366,400,0,0,0,0,0,0,0,0,0,0,0,0,0,"Lava Golem Hunting"
60592,0,1295,400,0,0,0,0,0,0,0,0,0,0,0,0,0,"Owl Baron Hunting"
60593,0,1771,400,0,0,0,0,0,0,0,0,0,0,0,0,0,"Vanberk Hunting"
60594,0,1772,400,0,0,0,0,0,0,0,0,0,0,0,0,0,"Isilla Hunting"
60595,0,1865,400,0,0,0,0,0,0,0,0,0,0,0,0,0,"Ragged Zombie Hunting"
60596,0,1864,400,0,0,0,0,0,0,0,0,0,0,0,0,0,"Zombie Slaughter Hunting"
60601,0,1883,400,0,0,0,0,0,0,0,0,0,0,0,0,0,"Uzhas Hunting"
60602,0,1102,400,0,0,0,0,0,0,0,0,0,0,0,0,0,"Bathory Hunting"
60603,0,1379,400,0,0,0,0,0,0,0,0,0,0,0,0,0,"Nightmare Terror Hunting"
60604,0,1206,400,0,0,0,0,0,0,0,0,0,0,0,0,0,"Anolian Hunting"
60605,0,1703,400,0,0,0,0,0,0,0,0,0,0,0,0,0,"Lady Solace Hunting"
60608,0,1201,400,0,0,0,0,0,0,0,0,0,0,0,0,0,"Rybio Hunting"
60609,0,1735,400,0,0,0,0,0,0,0,0,0,0,0,0,0,"Alicel Hunting"
60610,0,1155,400,0,0,0,0,0,0,0,0,0,0,0,0,0,"Petite (Ground) Hunting"
60611,0,1884,400,0,0,0,0,0,0,0,0,0,0,0,0,0,"Mavka Hunting"
60612,0,1995,400,0,0,0,0,0,0,0,0,0,0,0,0,0,"Pinguicula Hunting"
60614,0,1775,400,0,0,0,0,0,0,0,0,0,0,0,0,0,"Snowier Hunting"
60810,259200,0,0,0,0,0,0,0,0,0,0,0,0,0,0,0,"Limited VIP Access"
60815,0,1682,400,0,0,0,0,0,0,0,0,0,0,0,0,0,"Remover Hunting"
60816,0,1132,400,0,0,0,0,0,0,0,0,0,0,0,0,0,"Khalitzburg Hunting"
60817,0,1408,400,0,0,0,0,0,0,0,0,0,0,0,0,0,"Bloody Butterfly Hunting"
60818,0,1866,400,0,0,0,0,0,0,0,0,0,0,0,0,0,"Hell Poodle Hunting"
60819,57600,0,0,0,0,0,0,0,0,0,0,0,0,0,0,0,"Hunting Daily Timer"
60820,0,1213,400,0,0,0,0,0,0,0,0,0,0,0,0,0,"High Orc Hunting"
60821,0,1319,400,0,0,0,0,0,0,0,0,0,0,0,0,0,"Freezer Hunting"
60822,0,2013,400,0,0,0,0,0,0,0,0,0,0,0,0,0,"Draco Hunting"
60824,0,1628,400,0,0,0,0,0,0,0,0,0,0,0,0,0,"Holden Hunting"
60825,0,1377,400,0,0,0,0,0,0,0,0,0,0,0,0,0,"Elder Hunting"
60826,0,2134,400,0,0,0,0,0,0,0,0,0,0,0,0,0,"Parus Hunting"
60827,0,1776,400,0,0,0,0,0,0,0,0,0,0,0,0,0,"Siroma Hunting"
60828,0,1197,400,0,0,0,0,0,0,0,0,0,0,0,0,0,"Zombie Prisoner Hunting"
60830,0,1117,400,0,0,0,0,0,0,0,0,0,0,0,0,0,"Evil Druid Hunting"
60831,0,1219,400,0,0,0,0,0,0,0,0,0,0,0,0,0,"Abysmal Knight Hunting"
60832,0,1401,400,0,0,0,0,0,0,0,0,0,0,0,0,0,"Shinobi Hunting"
60833,0,1376,400,0,0,0,0,0,0,0,0,0,0,0,0,0,"Harpy Hunting"
60834,0,1406,400,0,0,0,0,0,0,0,0,0,0,0,0,0,"Kapha Hunting"
60835,0,1869,400,0,0,0,0,0,0,0,0,0,0,0,0,0,"Flame Skull Hunting"
60836,0,1796,400,0,0,0,0,0,0,0,0,0,0,0,0,0,"Aunoe Hunting"
60837,0,1797,400,0,0,0,0,0,0,0,0,0,0,0,0,0,"Fanat Hunting"
60838,0,1375,400,0,0,0,0,0,0,0,0,0,0,0,0,0,"The Paper Hunting"
60839,0,1405,400,0,0,0,0,0,0,0,0,0,0,0,0,0,"Tengu Hunting"
60840,0,2071,400,0,0,0,0,0,0,0,0,0,0,0,0,0,"Headless Mule Hunting"
60841,0,1198,400,0,0,0,0,0,0,0,0,0,0,0,0,0,"Dark Priest Hunting"
60842,0,1098,400,0,0,0,0,0,0,0,0,0,0,0,0,0,"Anubis Hunting"
60843,0,1512,400,0,0,0,0,0,0,0,0,0,0,0,0,0,"Yao Jun Hunting"
60844,0,1513,400,0,0,0,0,0,0,0,0,0,0,0,0,0,"Mao Guai Hunting"
60845,0,1309,400,0,0,0,0,0,0,0,0,0,0,0,0,0,"Gajomart Hunting"
60846,0,2153,400,0,0,0,0,0,0,0,0,0,0,0,0,0,"Cendrawasih Hunting"
60848,0,1291,400,0,0,0,0,0,0,0,0,0,0,0,0,0,"Wraith Dead Hunting"
60849,0,1999,400,0,0,0,0,0,0,0,0,0,0,0,0,0,"Centipede Larva Hunting"
60851,0,1154,400,0,0,0,0,0,0,0,0,0,0,0,0,0,"Pasana Hunting"
60853,0,2315,400,0,0,0,0,0,0,0,0,0,0,0,0,0,"Wakwak Hunting"
60854,0,2313,400,0,0,0,0,0,0,0,0,0,0,0,0,0,"Tikbalang Hunting"
60855,0,1386,400,0,0,0,0,0,0,0,0,0,0,0,0,0,"Sleeper Hunting"
60856,0,2365,400,0,0,0,0,0,0,0,0,0,0,0,0,0,"Cenere Hunting"
60857,0,2366,400,0,0,0,0,0,0,0,0,0,0,0,0,0,"Antique Book Hunting"
60858,0,1199,400,0,0,0,0,0,0,0,0,0,0,0,0,0,"Punk Hunting"
60859,0,2363,400,0,0,0,0,0,0,0,0,0,0,0,0,0,"Menblatt Hunting"
60860,0,2370,400,0,0,0,0,0,0,0,0,0,0,0,0,0,"Lichtern (Green) Hunting"
60861,0,2309,400,0,0,0,0,0,0,0,0,0,0,0,0,0,"Bungisngis Hunting"
60862,0,2310,400,0,0,0,0,0,0,0,0,0,0,0,0,0,"Engkanto Hunting"
60863,0,2364,400,0,0,0,0,0,0,0,0,0,0,0,0,0,"Petal Hunting"
60864,0,1692,400,0,0,0,0,0,0,0,0,0,0,0,0,0,"Breeze Hunting"
60865,0,1255,400,0,0,0,0,0,0,0,0,0,0,0,0,0,"Neraid Hunting"
60866,0,2204,400,0,0,0,0,0,0,0,0,0,0,0,0,0,"Sedora Hunting"
60867,0,1305,400,0,0,0,0,0,0,0,0,0,0,0,0,0,"Ancient Worm Hunting"
60868,0,2369,400,0,0,0,0,0,0,0,0,0,0,0,0,0,"Lichtern (Red) Hunting"
60869,0,2367,400,0,0,0,0,0,0,0,0,0,0,0,0,0,"Lichtern (Blue) Hunting"
62832,0,2073,400,0,0,0,0,0,0,0,0,0,0,0,0,0,"Toucan Hunting"
62833,0,2199,400,0,0,0,0,0,0,0,0,0,0,0,0,0,"Siorava Hunting"
62837,0,0,0,0,0,0,0,0,0,0,0,0,0,0,0,0,"Gramps GM Notice"
5856,0,0,0,0,0,0,0,0,0,0,0,0,0,0,0,0,"My Name is Morning"
5857,0,0,0,0,0,0,0,0,0,0,0,0,0,0,0,0,"Friends of Morning"
5858,0,0,0,0,0,0,0,0,0,0,0,0,0,0,0,0,"Friends of Morning"
5859,0,0,0,0,0,0,0,0,0,0,0,0,0,0,0,0,"Friends of Morning"
5860,0,0,0,0,0,0,0,0,0,0,0,0,0,0,0,0,"Friends of Morning"
5861,00:00,0,0,0,0,0,0,0,0,0,0,0,0,0,0,0,"Morning Dailies - Standby"
5862,0,0,0,0,0,0,0,0,0,0,0,0,0,0,0,0,"Morning's Menu Selection"
5863,0,0,0,0,0,0,0,0,0,0,0,0,0,0,0,0,"Morning's Menu Selection"
5864,0,0,0,0,0,0,0,0,0,0,0,0,0,0,0,0,"Morning's Menu Selection"
5865,0,0,0,0,0,0,0,0,0,0,0,0,0,0,0,0,"Morning's Menu Selection"
5866,0,0,0,0,0,0,0,0,0,0,0,0,0,0,0,0,"Morning's Menu Selection"
5867,0,0,0,0,0,0,0,0,0,0,0,0,0,0,0,0,"Morning's Menu Selection"
5868,0,0,0,0,0,0,0,0,0,0,0,0,0,0,0,0,"Morning's Menu Selection"
5869,0,0,0,0,0,0,0,0,0,0,0,0,0,0,0,0,"Morning's Menu Selection"
5870,0,0,0,0,0,0,0,0,0,0,0,0,0,0,0,0,"Morning's Menu Selection"
5871,0,0,0,0,0,0,0,0,0,0,0,0,0,0,0,0,"Morning's Menu Selection"
7850,0,0,0,0,0,0,0,0,0,0,0,0,0,0,0,0,"Cat on Bullet"
7851,0,0,0,0,0,0,0,0,0,0,0,0,0,0,0,0,"New Operation"
7852,0,0,0,0,0,0,0,0,0,0,0,0,0,0,0,0,"Beyond the Barrier"
7853,0,0,0,0,0,0,0,0,0,0,0,0,0,0,0,0,"Barrier Investigation"
7854,0,0,0,0,0,0,0,0,0,0,0,0,0,0,0,0,"Wall on Barrier"
7855,0,0,0,0,0,0,0,0,0,0,0,0,0,0,0,0,"Watchtower"
7856,0,0,0,0,0,0,0,0,0,0,0,0,0,0,0,0,"Small Hole"
7857,0,0,0,0,0,0,0,0,0,0,0,0,0,0,0,0,"Report to Lucky"
7858,0,20361,10,20363,10,20365,10,0,0,0,0,0,0,0,0,0,"Investigate the Strange Sounds"
7859,0,0,0,0,0,0,0,0,0,0,0,0,0,0,0,0,"Report to Tess"
7860,0,0,0,0,0,0,0,0,0,0,0,0,0,0,0,0,"Unexpected Guest"
7861,0,0,0,0,0,0,0,0,0,0,0,0,0,0,0,0,"Enterprise Crisis"
7862,0,0,0,0,0,0,0,0,0,0,0,0,0,0,0,0,"Reclaim Regenschirm"
7863,0,0,0,0,0,0,0,0,0,0,0,0,0,0,0,0,"Laboratory Data"
7864,0,0,0,0,0,0,0,0,0,0,0,0,0,0,0,0,"Ventilation"
7865,0,0,0,0,0,0,0,0,0,0,0,0,0,0,0,0,"Second Operation"
7866,0,0,0,0,0,0,0,0,0,0,0,0,0,0,0,0,"Along with Cat on Bullet"
7867,0,20355,15,20357,15,0,0,0,0,0,0,0,0,0,0,0,"Mercenary vs Mercenary"
7868,00:00,0,0,0,0,0,0,0,0,0,0,0,0,0,0,0,"Mercenary vs Mercenary - Standby"
11596,0,0,0,0,0,0,0,0,0,0,0,0,0,0,0,0,"Old Memories"
11597,0,0,0,0,0,0,0,0,0,0,0,0,0,0,0,0,"Old Memories"
11598,0,0,0,0,0,0,0,0,0,0,0,0,0,0,0,0,"Old Memories"
11599,0,0,0,0,0,0,0,0,0,0,0,0,0,0,0,0,"Old Memories"
11600,0,0,0,0,0,0,0,0,0,0,0,0,0,0,0,0,"Old Memories"
11601,0,0,0,0,0,0,0,0,0,0,0,0,0,0,0,0,"Old Memories"
11602,0,0,0,0,0,0,0,0,0,0,0,0,0,0,0,0,"Old Memories"
11603,0,0,0,0,0,0,0,0,0,0,0,0,0,0,0,0,"Old Memories"
12452,0,0,0,0,0,0,0,0,0,0,0,0,0,0,0,0,"OS Mission"
12454,0,20346,1,0,0,0,0,0,0,0,0,0,0,0,0,0,"More Search Operations"
12455,00:00,0,0,0,0,0,0,0,0,0,0,0,0,0,0,0,"Operation Standby"
16352,0,0,0,0,0,0,0,0,0,0,0,0,0,0,0,0,"Call from Elena Bolkova"
16353,0,0,0,0,0,0,0,0,0,0,0,0,0,0,0,0,"Golden Troublemaker"
16354,0,0,0,0,0,0,0,0,0,0,0,0,0,0,0,0,"Operation of Elyumina"
16355,0,0,0,0,0,0,0,0,0,0,0,0,0,0,0,0,"Suspicious Box"
16356,0,0,0,0,0,0,0,0,0,0,0,0,0,0,0,0,"Suspicious Box"
16357,0,0,0,0,0,0,0,0,0,0,0,0,0,0,0,0,"Elyumina Secured"
16358,0,0,0,0,0,0,0,0,0,0,0,0,0,0,0,0,"Pure Wicked"
16359,0,0,0,0,0,0,0,0,0,0,0,0,0,0,0,0,"Pure Violence"
16360,0,0,0,0,0,0,0,0,0,0,0,0,0,0,0,0,"Pure Facts"
16361,0,0,0,0,0,0,0,0,0,0,0,0,0,0,0,0,"Pure Backward"
16362,00:00,0,0,0,0,0,0,0,0,0,0,0,0,0,0,0,"Pure Backward - Standby"
16363,0,20341,1,0,0,0,0,0,0,0,0,0,0,0,0,0,"Process EL1_A17T"
16364,0,0,0,0,0,0,0,0,0,0,0,0,0,0,0,0,"Helping Farm Worker"
16365,00:00,0,0,0,0,0,0,0,0,0,0,0,0,0,0,0,"Helping Farm Worker - Standby"
16366,0,0,0,0,0,0,0,0,0,0,0,0,0,0,0,0,"Helping Farm Worker"
16367,0,0,0,0,0,0,0,0,0,0,0,0,0,0,0,0,"Growing Grapes"
16368,0,0,0,0,0,0,0,0,0,0,0,0,0,0,0,0,"Growing Grapes"
16369,0,0,0,0,0,0,0,0,0,0,0,0,0,0,0,0,"Growing Grapes"
16370,0,0,0,0,0,0,0,0,0,0,0,0,0,0,0,0,"Growing Bean Plants"
16371,0,0,0,0,0,0,0,0,0,0,0,0,0,0,0,0,"Growing Bean Plants"
16372,0,0,0,0,0,0,0,0,0,0,0,0,0,0,0,0,"Growing Bean Plants"
16373,0,0,0,0,0,0,0,0,0,0,0,0,0,0,0,0,"Growing Pumpkins"
16374,0,0,0,0,0,0,0,0,0,0,0,0,0,0,0,0,"Growing Pumpkins"
16375,0,0,0,0,0,0,0,0,0,0,0,0,0,0,0,0,"Growing Pumpkins"
16376,0,0,0,0,0,0,0,0,0,0,0,0,0,0,0,0,"Overpower EL1_A17T"
16377,1:00,0,0,0,0,0,0,0,0,0,0,0,0,0,0,0,"Overpower EL1_A17T - Standby"
17000,0,0,0,0,0,0,0,0,0,0,0,0,0,0,0,0,"Refuse to Talk"
17001,0,0,0,0,0,0,0,0,0,0,0,0,0,0,0,0,"Companion Proposal"
17002,0,0,0,0,0,0,0,0,0,0,0,0,0,0,0,0,"Troubled Times"
17003,0,0,0,0,0,0,0,0,0,0,0,0,0,0,0,0,"Companionship"
17004,0,0,0,0,0,0,0,0,0,0,0,0,0,0,0,0,"Start of the Road, the Journey Begins"
17005,0,0,0,0,0,0,0,0,0,0,0,0,0,0,0,0,"The Slums of Lighthalzen"
17006,0,0,0,0,0,0,0,0,0,0,0,0,0,0,0,0,"Full Investigation"
17007,0,0,0,0,0,0,0,0,0,0,0,0,0,0,0,0,"Investigating Rekenber"
17008,0,0,0,0,0,0,0,0,0,0,0,0,0,0,0,0,"Investigating Rekenber"
17009,0,0,0,0,0,0,0,0,0,0,0,0,0,0,0,0,"Investigating Rekenber"
17010,0,0,0,0,0,0,0,0,0,0,0,0,0,0,0,0,"Investigating Rekenber"
17011,0,0,0,0,0,0,0,0,0,0,0,0,0,0,0,0,"Investigating Rekenber"
17012,0,0,0,0,0,0,0,0,0,0,0,0,0,0,0,0,"Investigating Rekenber"
17013,0,0,0,0,0,0,0,0,0,0,0,0,0,0,0,0,"Location of the new Laboratory"
17014,0,0,0,0,0,0,0,0,0,0,0,0,0,0,0,0,"No Laboratory"
17015,0,0,0,0,0,0,0,0,0,0,0,0,0,0,0,0,"Vice President's Speech"
17016,0,0,0,0,0,0,0,0,0,0,0,0,0,0,0,0,"Not Convincing"
17017,0,0,0,0,0,0,0,0,0,0,0,0,0,0,0,0,"Prepare for the Attack"
17018,0,0,0,0,0,0,0,0,0,0,0,0,0,0,0,0,"The Condition of the Patients"
17019,0,0,0,0,0,0,0,0,0,0,0,0,0,0,0,0,"Urgent Situation"
17020,0,0,0,0,0,0,0,0,0,0,0,0,0,0,0,0,"Resume the Investigation"
17021,0,0,0,0,0,0,0,0,0,0,0,0,0,0,0,0,"Finding Patrick"
17022,0,0,0,0,0,0,0,0,0,0,0,0,0,0,0,0,"Finding Patrick"
17023,0,0,0,0,0,0,0,0,0,0,0,0,0,0,0,0,"Finding Patrick"
17024,0,0,0,0,0,0,0,0,0,0,0,0,0,0,0,0,"Finding Patrick"
17025,0,0,0,0,0,0,0,0,0,0,0,0,0,0,0,0,"Finding Patrick"
17026,0,0,0,0,0,0,0,0,0,0,0,0,0,0,0,0,"Finding Patrick"
17027,0,0,0,0,0,0,0,0,0,0,0,0,0,0,0,0,"Finding Patrick"
17028,0,0,0,0,0,0,0,0,0,0,0,0,0,0,0,0,"Finding Patrick"
17029,0,0,0,0,0,0,0,0,0,0,0,0,0,0,0,0,"Finding Patrick"
17030,0,0,0,0,0,0,0,0,0,0,0,0,0,0,0,0,"Finding Patrick"
17031,0,0,0,0,0,0,0,0,0,0,0,0,0,0,0,0,"Finding Patrick"
17032,0,0,0,0,0,0,0,0,0,0,0,0,0,0,0,0,"Finding Patrick"
17033,0,0,0,0,0,0,0,0,0,0,0,0,0,0,0,0,"Worker Treatments"
17034,0,20361,20,0,0,0,0,0,0,0,0,0,0,0,0,0,"Rudus"
17035,00:00,0,0,0,0,0,0,0,0,0,0,0,0,0,0,0,"Rudus - Standby"
